Time,UUID,RSSI,
20220319 21:53:49,e20a39f4-73f5-4bc4-a12f-17d1ad07a964,-64,
20220319 21:53:49,e20a39f4-73f5-4bc4-a12f-17d1ad07a962,-74,
20220319 21:53:49,e20a39f4-73f5-4bc4-a12f-17d1ad07a966,-77,
20220319 21:53:49,e20a39f4-73f5-4bc4-a12f-17d1ad07a961,-82,
20220319 21:53:54,e20a39f4-73f5-4bc4-a12f-17d1ad07a964,-57,
20220319 21:53:54,e20a39f4-73f5-4bc4-a12f-17d1ad07a967,-63,
20220319 21:53:54,e20a39f4-73f5-4bc4-a12f-17d1ad07a962,-66,
20220319 21:53:54,e20a39f4-73f5-4bc4-a12f-17d1ad07a966,-78,
20220319 21:53:54,e20a39f4-73f5-4bc4-a12f-17d1ad07a965,-81,
20220319 21:53:54,e20a39f4-73f5-4bc4-a12f-17d1ad07a961,-85,
20220319 21:53:59,e20a39f4-73f5-4bc4-a12f-17d1ad07a964,-59,
20220319 21:53:59,e20a39f4-73f5-4bc4-a12f-17d1ad07a966,-68,
20220319 21:53:59,e20a39f4-73f5-4bc4-a12f-17d1ad07a967,-69,
20220319 21:53:59,e20a39f4-73f5-4bc4-a12f-17d1ad07a963,-72,
20220319 21:53:59,e20a39f4-73f5-4bc4-a12f-17d1ad07a962,-74,
20220319 21:53:59,e20a39f4-73f5-4bc4-a12f-17d1ad07a961,-75,
20220319 21:53:59,e20a39f4-73f5-4bc4-a12f-17d1ad07a965,-88,
20220319 21:54:04,e20a39f4-73f5-4bc4-a12f-17d1ad07a964,-59,
20220319 21:54:04,e20a39f4-73f5-4bc4-a12f-17d1ad07a966,-65,
20220319 21:54:04,e20a39f4-73f5-4bc4-a12f-17d1ad07a967,-69,
20220319 21:54:04,e20a39f4-73f5-4bc4-a12f-17d1ad07a961,-69,
20220319 21:54:04,e20a39f4-73f5-4bc4-a12f-17d1ad07a963,-69,
20220319 21:54:04,e20a39f4-73f5-4bc4-a12f-17d1ad07a962,-72,
20220319 21:54:04,e20a39f4-73f5-4bc4-a12f-17d1ad07a965,-88,
20220319 21:54:09,e20a39f4-73f5-4bc4-a12f-17d1ad07a964,-59,
20220319 21:54:09,e20a39f4-73f5-4bc4-a12f-17d1ad07a966,-65,
20220319 21:54:09,e20a39f4-73f5-4bc4-a12f-17d1ad07a962,-68,
20220319 21:54:09,e20a39f4-73f5-4bc4-a12f-17d1ad07a961,-69,
20220319 21:54:09,e20a39f4-73f5-4bc4-a12f-17d1ad07a967,-73,
20220319 21:54:09,e20a39f4-73f5-4bc4-a12f-17d1ad07a963,-73,
20220319 21:54:09,e20a39f4-73f5-4bc4-a12f-17d1ad07a965,-92,
20220319 21:54:14,e20a39f4-73f5-4bc4-a12f-17d1ad07a964,-58,
20220319 21:54:14,e20a39f4-73f5-4bc4-a12f-17d1ad07a966,-65,
20220319 21:54:14,e20a39f4-73f5-4bc4-a12f-17d1ad07a962,-65,
20220319 21:54:14,e20a39f4-73f5-4bc4-a12f-17d1ad07a967,-73,
20220319 21:54:14,e20a39f4-73f5-4bc4-a12f-17d1ad07a963,-73,
20220319 21:54:14,e20a39f4-73f5-4bc4-a12f-17d1ad07a961,-78,
20220319 21:54:14,e20a39f4-73f5-4bc4-a12f-17d1ad07a965,-92,
20220319 21:54:19,e20a39f4-73f5-4bc4-a12f-17d1ad07a966,-65,
20220319 21:54:19,e20a39f4-73f5-4bc4-a12f-17d1ad07a963,-65,
20220319 21:54:19,e20a39f4-73f5-4bc4-a12f-17d1ad07a962,-71,
20220319 21:54:19,e20a39f4-73f5-4bc4-a12f-17d1ad07a967,-74,
20220319 21:54:19,e20a39f4-73f5-4bc4-a12f-17d1ad07a964,-74,
20220319 21:54:19,e20a39f4-73f5-4bc4-a12f-17d1ad07a961,-77,
20220319 21:54:19,e20a39f4-73f5-4bc4-a12f-17d1ad07a965,-94,
20220319 21:54:24,e20a39f4-73f5-4bc4-a12f-17d1ad07a966,-67,
20220319 21:54:24,e20a39f4-73f5-4bc4-a12f-17d1ad07a967,-70,
20220319 21:54:24,e20a39f4-73f5-4bc4-a12f-17d1ad07a962,-71,
20220319 21:54:24,e20a39f4-73f5-4bc4-a12f-17d1ad07a965,-74,
20220319 21:54:24,e20a39f4-73f5-4bc4-a12f-17d1ad07a964,-74,
20220319 21:54:24,e20a39f4-73f5-4bc4-a12f-17d1ad07a961,-78,
20220319 21:54:24,e20a39f4-73f5-4bc4-a12f-17d1ad07a963,-79,
20220319 21:54:29,e20a39f4-73f5-4bc4-a12f-17d1ad07a964,-57,
20220319 21:54:29,e20a39f4-73f5-4bc4-a12f-17d1ad07a966,-67,
20220319 21:54:29,e20a39f4-73f5-4bc4-a12f-17d1ad07a961,-67,
20220319 21:54:29,e20a39f4-73f5-4bc4-a12f-17d1ad07a967,-72,
20220319 21:54:29,e20a39f4-73f5-4bc4-a12f-17d1ad07a962,-73,
20220319 21:54:29,e20a39f4-73f5-4bc4-a12f-17d1ad07a965,-74,
20220319 21:54:29,e20a39f4-73f5-4bc4-a12f-17d1ad07a963,-79,
20220319 21:54:34,e20a39f4-73f5-4bc4-a12f-17d1ad07a964,-58,
20220319 21:54:34,e20a39f4-73f5-4bc4-a12f-17d1ad07a966,-67,
20220319 21:54:34,e20a39f4-73f5-4bc4-a12f-17d1ad07a967,-69,
20220319 21:54:34,e20a39f4-73f5-4bc4-a12f-17d1ad07a962,-69,
20220319 21:54:34,e20a39f4-73f5-4bc4-a12f-17d1ad07a965,-74,
20220319 21:54:34,e20a39f4-73f5-4bc4-a12f-17d1ad07a961,-74,
20220319 21:54:34,e20a39f4-73f5-4bc4-a12f-17d1ad07a963,-79,
20220319 21:54:39,e20a39f4-73f5-4bc4-a12f-17d1ad07a964,-57,
20220319 21:54:39,e20a39f4-73f5-4bc4-a12f-17d1ad07a962,-64,
20220319 21:54:39,e20a39f4-73f5-4bc4-a12f-17d1ad07a966,-69,
20220319 21:54:39,e20a39f4-73f5-4bc4-a12f-17d1ad07a967,-70,
20220319 21:54:39,e20a39f4-73f5-4bc4-a12f-17d1ad07a965,-74,
20220319 21:54:39,e20a39f4-73f5-4bc4-a12f-17d1ad07a961,-76,
20220319 21:54:39,e20a39f4-73f5-4bc4-a12f-17d1ad07a963,-79,
20220319 21:54:44,e20a39f4-73f5-4bc4-a12f-17d1ad07a962,-56,
20220319 21:54:44,e20a39f4-73f5-4bc4-a12f-17d1ad07a964,-63,
20220319 21:54:44,e20a39f4-73f5-4bc4-a12f-17d1ad07a966,-67,
20220319 21:54:44,e20a39f4-73f5-4bc4-a12f-17d1ad07a963,-67,
20220319 21:54:44,e20a39f4-73f5-4bc4-a12f-17d1ad07a967,-70,
20220319 21:54:44,e20a39f4-73f5-4bc4-a12f-17d1ad07a961,-78,
20220319 21:54:44,e20a39f4-73f5-4bc4-a12f-17d1ad07a965,-88,
20220319 21:54:49,e20a39f4-73f5-4bc4-a12f-17d1ad07a962,-61,
20220319 21:54:49,e20a39f4-73f5-4bc4-a12f-17d1ad07a964,-63,
20220319 21:54:49,e20a39f4-73f5-4bc4-a12f-17d1ad07a963,-66,
20220319 21:54:49,e20a39f4-73f5-4bc4-a12f-17d1ad07a966,-70,
20220319 21:54:49,e20a39f4-73f5-4bc4-a12f-17d1ad07a967,-77,
20220319 21:54:49,e20a39f4-73f5-4bc4-a12f-17d1ad07a961,-78,
20220319 21:54:49,e20a39f4-73f5-4bc4-a12f-17d1ad07a965,-84,
20220319 21:54:54,e20a39f4-73f5-4bc4-a12f-17d1ad07a964,-56,
20220319 21:54:54,e20a39f4-73f5-4bc4-a12f-17d1ad07a967,-61,
20220319 21:54:54,e20a39f4-73f5-4bc4-a12f-17d1ad07a962,-65,
20220319 21:54:54,e20a39f4-73f5-4bc4-a12f-17d1ad07a963,-68,
20220319 21:54:54,e20a39f4-73f5-4bc4-a12f-17d1ad07a966,-69,
20220319 21:54:54,e20a39f4-73f5-4bc4-a12f-17d1ad07a965,-80,
20220319 21:54:54,e20a39f4-73f5-4bc4-a12f-17d1ad07a961,-81,
20220319 21:54:59,e20a39f4-73f5-4bc4-a12f-17d1ad07a962,-57,
20220319 21:54:59,e20a39f4-73f5-4bc4-a12f-17d1ad07a964,-60,
20220319 21:54:59,e20a39f4-73f5-4bc4-a12f-17d1ad07a967,-63,
20220319 21:54:59,e20a39f4-73f5-4bc4-a12f-17d1ad07a963,-68,
20220319 21:54:59,e20a39f4-73f5-4bc4-a12f-17d1ad07a966,-70,
20220319 21:54:59,e20a39f4-73f5-4bc4-a12f-17d1ad07a961,-73,
20220319 21:54:59,e20a39f4-73f5-4bc4-a12f-17d1ad07a965,-80,
20220319 21:55:00,e20a39f4-73f5-4bc4-a12f-17d1ad07a964,-60,
20220319 21:55:00,e20a39f4-73f5-4bc4-a12f-17d1ad07a962,-60,
20220319 21:55:00,e20a39f4-73f5-4bc4-a12f-17d1ad07a967,-67,
20220319 21:55:00,e20a39f4-73f5-4bc4-a12f-17d1ad07a963,-68,
20220319 21:55:00,e20a39f4-73f5-4bc4-a12f-17d1ad07a966,-71,
20220319 21:55:00,e20a39f4-73f5-4bc4-a12f-17d1ad07a961,-77,
20220319 21:55:00,e20a39f4-73f5-4bc4-a12f-17d1ad07a965,-80,
20220319 21:55:05,e20a39f4-73f5-4bc4-a12f-17d1ad07a964,-56,
20220319 21:55:05,e20a39f4-73f5-4bc4-a12f-17d1ad07a967,-59,
20220319 21:55:05,e20a39f4-73f5-4bc4-a12f-17d1ad07a962,-61,
20220319 21:55:05,e20a39f4-73f5-4bc4-a12f-17d1ad07a963,-67,
20220319 21:55:05,e20a39f4-73f5-4bc4-a12f-17d1ad07a966,-69,
20220319 21:55:05,e20a39f4-73f5-4bc4-a12f-17d1ad07a961,-77,
20220319 21:55:05,e20a39f4-73f5-4bc4-a12f-17d1ad07a965,-79,
20220319 21:55:10,e20a39f4-73f5-4bc4-a12f-17d1ad07a964,-56,
20220319 21:55:10,e20a39f4-73f5-4bc4-a12f-17d1ad07a962,-58,
20220319 21:55:10,e20a39f4-73f5-4bc4-a12f-17d1ad07a963,-60,
20220319 21:55:10,e20a39f4-73f5-4bc4-a12f-17d1ad07a967,-67,
20220319 21:55:10,e20a39f4-73f5-4bc4-a12f-17d1ad07a966,-69,
20220319 21:55:10,e20a39f4-73f5-4bc4-a12f-17d1ad07a961,-77,
20220319 21:55:10,e20a39f4-73f5-4bc4-a12f-17d1ad07a965,-91,
20220319 21:55:15,e20a39f4-73f5-4bc4-a12f-17d1ad07a964,-62,
20220319 21:55:15,e20a39f4-73f5-4bc4-a12f-17d1ad07a963,-63,
20220319 21:55:15,e20a39f4-73f5-4bc4-a12f-17d1ad07a962,-65,
20220319 21:55:15,e20a39f4-73f5-4bc4-a12f-17d1ad07a967,-67,
20220319 21:55:15,e20a39f4-73f5-4bc4-a12f-17d1ad07a966,-69,
20220319 21:55:15,e20a39f4-73f5-4bc4-a12f-17d1ad07a961,-87,
20220319 21:55:15,e20a39f4-73f5-4bc4-a12f-17d1ad07a965,-91,
20220319 21:55:20,e20a39f4-73f5-4bc4-a12f-17d1ad07a964,-54,
20220319 21:55:20,e20a39f4-73f5-4bc4-a12f-17d1ad07a962,-60,
20220319 21:55:20,e20a39f4-73f5-4bc4-a12f-17d1ad07a963,-62,
20220319 21:55:20,e20a39f4-73f5-4bc4-a12f-17d1ad07a966,-69,
20220319 21:55:20,e20a39f4-73f5-4bc4-a12f-17d1ad07a961,-69,
20220319 21:55:20,e20a39f4-73f5-4bc4-a12f-17d1ad07a967,-71,
20220319 21:55:20,e20a39f4-73f5-4bc4-a12f-17d1ad07a965,-79,
20220319 21:55:25,e20a39f4-73f5-4bc4-a12f-17d1ad07a964,-54,
20220319 21:55:25,e20a39f4-73f5-4bc4-a12f-17d1ad07a967,-61,
20220319 21:55:25,e20a39f4-73f5-4bc4-a12f-17d1ad07a962,-63,
20220319 21:55:25,e20a39f4-73f5-4bc4-a12f-17d1ad07a963,-64,
20220319 21:55:25,e20a39f4-73f5-4bc4-a12f-17d1ad07a961,-69,
20220319 21:55:25,e20a39f4-73f5-4bc4-a12f-17d1ad07a965,-86,
20220319 21:55:25,e20a39f4-73f5-4bc4-a12f-17d1ad07a966,-86,
20220319 21:55:30,e20a39f4-73f5-4bc4-a12f-17d1ad07a964,-58,
20220319 21:55:30,e20a39f4-73f5-4bc4-a12f-17d1ad07a967,-62,
20220319 21:55:30,e20a39f4-73f5-4bc4-a12f-17d1ad07a962,-63,
20220319 21:55:30,e20a39f4-73f5-4bc4-a12f-17d1ad07a963,-73,
20220319 21:55:30,e20a39f4-73f5-4bc4-a12f-17d1ad07a961,-74,
20220319 21:55:30,e20a39f4-73f5-4bc4-a12f-17d1ad07a965,-79,
20220319 21:55:30,e20a39f4-73f5-4bc4-a12f-17d1ad07a966,-86,
20220319 21:55:35,e20a39f4-73f5-4bc4-a12f-17d1ad07a967,-59,
20220319 21:55:35,e20a39f4-73f5-4bc4-a12f-17d1ad07a964,-59,
20220319 21:55:35,e20a39f4-73f5-4bc4-a12f-17d1ad07a963,-61,
20220319 21:55:35,e20a39f4-73f5-4bc4-a12f-17d1ad07a962,-63,
20220319 21:55:35,e20a39f4-73f5-4bc4-a12f-17d1ad07a961,-70,
20220319 21:55:35,e20a39f4-73f5-4bc4-a12f-17d1ad07a966,-77,
20220319 21:55:35,e20a39f4-73f5-4bc4-a12f-17d1ad07a965,-79,
20220319 21:55:40,e20a39f4-73f5-4bc4-a12f-17d1ad07a967,-60,
20220319 21:55:40,e20a39f4-73f5-4bc4-a12f-17d1ad07a963,-61,
20220319 21:55:40,e20a39f4-73f5-4bc4-a12f-17d1ad07a964,-65,
20220319 21:55:40,e20a39f4-73f5-4bc4-a12f-17d1ad07a962,-68,
20220319 21:55:40,e20a39f4-73f5-4bc4-a12f-17d1ad07a961,-70,
20220319 21:55:40,e20a39f4-73f5-4bc4-a12f-17d1ad07a966,-77,
20220319 21:55:40,e20a39f4-73f5-4bc4-a12f-17d1ad07a965,-79,
20220319 21:55:45,e20a39f4-73f5-4bc4-a12f-17d1ad07a964,-61,
20220319 21:55:45,e20a39f4-73f5-4bc4-a12f-17d1ad07a967,-62,
20220319 21:55:45,e20a39f4-73f5-4bc4-a12f-17d1ad07a962,-63,
20220319 21:55:45,e20a39f4-73f5-4bc4-a12f-17d1ad07a966,-67,
20220319 21:55:45,e20a39f4-73f5-4bc4-a12f-17d1ad07a963,-69,
20220319 21:55:45,e20a39f4-73f5-4bc4-a12f-17d1ad07a961,-74,
20220319 21:55:45,e20a39f4-73f5-4bc4-a12f-17d1ad07a965,-81,
20220319 21:55:50,e20a39f4-73f5-4bc4-a12f-17d1ad07a967,-61,
20220319 21:55:50,e20a39f4-73f5-4bc4-a12f-17d1ad07a964,-63,
20220319 21:55:50,e20a39f4-73f5-4bc4-a12f-17d1ad07a962,-63,
20220319 21:55:50,e20a39f4-73f5-4bc4-a12f-17d1ad07a966,-67,
20220319 21:55:50,e20a39f4-73f5-4bc4-a12f-17d1ad07a963,-69,
20220319 21:55:50,e20a39f4-73f5-4bc4-a12f-17d1ad07a961,-75,
20220319 21:55:50,e20a39f4-73f5-4bc4-a12f-17d1ad07a965,-80,
20220319 21:55:55,e20a39f4-73f5-4bc4-a12f-17d1ad07a967,-57,
20220319 21:55:55,e20a39f4-73f5-4bc4-a12f-17d1ad07a964,-63,
20220319 21:55:55,e20a39f4-73f5-4bc4-a12f-17d1ad07a962,-63,
20220319 21:55:55,e20a39f4-73f5-4bc4-a12f-17d1ad07a966,-67,
20220319 21:55:55,e20a39f4-73f5-4bc4-a12f-17d1ad07a963,-69,
20220319 21:55:55,e20a39f4-73f5-4bc4-a12f-17d1ad07a961,-73,
20220319 21:55:55,e20a39f4-73f5-4bc4-a12f-17d1ad07a965,-80,
20220319 21:56:00,e20a39f4-73f5-4bc4-a12f-17d1ad07a967,-56,
20220319 21:56:00,e20a39f4-73f5-4bc4-a12f-17d1ad07a964,-63,
20220319 21:56:00,e20a39f4-73f5-4bc4-a12f-17d1ad07a963,-65,
20220319 21:56:00,e20a39f4-73f5-4bc4-a12f-17d1ad07a966,-73,
20220319 21:56:00,e20a39f4-73f5-4bc4-a12f-17d1ad07a962,-73,
20220319 21:56:00,e20a39f4-73f5-4bc4-a12f-17d1ad07a961,-76,
20220319 21:56:00,e20a39f4-73f5-4bc4-a12f-17d1ad07a965,-80,
20220319 21:56:05,e20a39f4-73f5-4bc4-a12f-17d1ad07a967,-60,
20220319 21:56:05,e20a39f4-73f5-4bc4-a12f-17d1ad07a964,-64,
20220319 21:56:05,e20a39f4-73f5-4bc4-a12f-17d1ad07a963,-64,
20220319 21:56:05,e20a39f4-73f5-4bc4-a12f-17d1ad07a962,-67,
20220319 21:56:05,e20a39f4-73f5-4bc4-a12f-17d1ad07a966,-73,
20220319 21:56:05,e20a39f4-73f5-4bc4-a12f-17d1ad07a961,-77,
20220319 21:56:05,e20a39f4-73f5-4bc4-a12f-17d1ad07a965,-80,
20220319 21:56:10,e20a39f4-73f5-4bc4-a12f-17d1ad07a967,-60,
20220319 21:56:10,e20a39f4-73f5-4bc4-a12f-17d1ad07a964,-64,
20220319 21:56:10,e20a39f4-73f5-4bc4-a12f-17d1ad07a963,-64,
20220319 21:56:10,e20a39f4-73f5-4bc4-a12f-17d1ad07a961,-65,
20220319 21:56:10,e20a39f4-73f5-4bc4-a12f-17d1ad07a962,-67,
20220319 21:56:10,e20a39f4-73f5-4bc4-a12f-17d1ad07a966,-73,
20220319 21:56:10,e20a39f4-73f5-4bc4-a12f-17d1ad07a965,-75,
20220319 21:56:15,e20a39f4-73f5-4bc4-a12f-17d1ad07a967,-54,
20220319 21:56:15,e20a39f4-73f5-4bc4-a12f-17d1ad07a964,-65,
20220319 21:56:15,e20a39f4-73f5-4bc4-a12f-17d1ad07a963,-66,
20220319 21:56:15,e20a39f4-73f5-4bc4-a12f-17d1ad07a962,-67,
20220319 21:56:15,e20a39f4-73f5-4bc4-a12f-17d1ad07a965,-76,
20220319 21:56:15,e20a39f4-73f5-4bc4-a12f-17d1ad07a961,-81,
20220319 21:56:15,e20a39f4-73f5-4bc4-a12f-17d1ad07a966,-83,
20220319 21:56:21,e20a39f4-73f5-4bc4-a12f-17d1ad07a967,-50,
20220319 21:56:21,e20a39f4-73f5-4bc4-a12f-17d1ad07a964,-60,
20220319 21:56:21,e20a39f4-73f5-4bc4-a12f-17d1ad07a963,-63,
20220319 21:56:21,e20a39f4-73f5-4bc4-a12f-17d1ad07a966,-66,
20220319 21:56:21,e20a39f4-73f5-4bc4-a12f-17d1ad07a962,-66,
20220319 21:56:21,e20a39f4-73f5-4bc4-a12f-17d1ad07a965,-78,
20220319 21:56:21,e20a39f4-73f5-4bc4-a12f-17d1ad07a961,-80,
20220319 21:56:26,e20a39f4-73f5-4bc4-a12f-17d1ad07a967,-50,
20220319 21:56:26,e20a39f4-73f5-4bc4-a12f-17d1ad07a964,-60,
20220319 21:56:26,e20a39f4-73f5-4bc4-a12f-17d1ad07a962,-60,
20220319 21:56:26,e20a39f4-73f5-4bc4-a12f-17d1ad07a963,-69,
20220319 21:56:26,e20a39f4-73f5-4bc4-a12f-17d1ad07a961,-70,
20220319 21:56:26,e20a39f4-73f5-4bc4-a12f-17d1ad07a966,-72,
20220319 21:56:26,e20a39f4-73f5-4bc4-a12f-17d1ad07a965,-76,
20220319 21:56:31,e20a39f4-73f5-4bc4-a12f-17d1ad07a967,-55,
20220319 21:56:31,e20a39f4-73f5-4bc4-a12f-17d1ad07a962,-56,
20220319 21:56:31,e20a39f4-73f5-4bc4-a12f-17d1ad07a964,-60,
20220319 21:56:31,e20a39f4-73f5-4bc4-a12f-17d1ad07a963,-66,
20220319 21:56:31,e20a39f4-73f5-4bc4-a12f-17d1ad07a961,-70,
20220319 21:56:31,e20a39f4-73f5-4bc4-a12f-17d1ad07a965,-76,
20220319 21:56:31,e20a39f4-73f5-4bc4-a12f-17d1ad07a966,-81,
20220319 21:56:36,e20a39f4-73f5-4bc4-a12f-17d1ad07a967,-53,
20220319 21:56:36,e20a39f4-73f5-4bc4-a12f-17d1ad07a962,-56,
20220319 21:56:36,e20a39f4-73f5-4bc4-a12f-17d1ad07a964,-66,
20220319 21:56:36,e20a39f4-73f5-4bc4-a12f-17d1ad07a963,-66,
20220319 21:56:36,e20a39f4-73f5-4bc4-a12f-17d1ad07a961,-70,
20220319 21:56:36,e20a39f4-73f5-4bc4-a12f-17d1ad07a965,-76,
20220319 21:56:36,e20a39f4-73f5-4bc4-a12f-17d1ad07a966,-81,
20220319 21:56:41,e20a39f4-73f5-4bc4-a12f-17d1ad07a967,-56,
20220319 21:56:41,e20a39f4-73f5-4bc4-a12f-17d1ad07a962,-56,
20220319 21:56:41,e20a39f4-73f5-4bc4-a12f-17d1ad07a963,-66,
20220319 21:56:41,e20a39f4-73f5-4bc4-a12f-17d1ad07a964,-68,
20220319 21:56:41,e20a39f4-73f5-4bc4-a12f-17d1ad07a961,-70,
20220319 21:56:41,e20a39f4-73f5-4bc4-a12f-17d1ad07a966,-81,
20220319 21:56:41,e20a39f4-73f5-4bc4-a12f-17d1ad07a965,-92,
20220319 21:56:46,e20a39f4-73f5-4bc4-a12f-17d1ad07a967,-56,
20220319 21:56:46,e20a39f4-73f5-4bc4-a12f-17d1ad07a962,-57,
20220319 21:56:46,e20a39f4-73f5-4bc4-a12f-17d1ad07a963,-63,
20220319 21:56:46,e20a39f4-73f5-4bc4-a12f-17d1ad07a966,-79,
20220319 21:56:46,e20a39f4-73f5-4bc4-a12f-17d1ad07a964,-80,
20220319 21:56:46,e20a39f4-73f5-4bc4-a12f-17d1ad07a965,-82,
20220319 21:56:46,e20a39f4-73f5-4bc4-a12f-17d1ad07a961,-85,
20220319 21:56:47,e20a39f4-73f5-4bc4-a12f-17d1ad07a967,-48,
20220319 21:56:47,e20a39f4-73f5-4bc4-a12f-17d1ad07a963,-57,
20220319 21:56:47,e20a39f4-73f5-4bc4-a12f-17d1ad07a962,-66,
20220319 21:56:47,e20a39f4-73f5-4bc4-a12f-17d1ad07a966,-73,
20220319 21:56:47,e20a39f4-73f5-4bc4-a12f-17d1ad07a965,-76,
20220319 21:56:47,e20a39f4-73f5-4bc4-a12f-17d1ad07a964,-80,
20220319 21:56:47,e20a39f4-73f5-4bc4-a12f-17d1ad07a961,-85,
20220319 21:56:53,e20a39f4-73f5-4bc4-a12f-17d1ad07a967,-51,
20220319 21:56:53,e20a39f4-73f5-4bc4-a12f-17d1ad07a963,-57,
20220319 21:56:53,e20a39f4-73f5-4bc4-a12f-17d1ad07a962,-75,
20220319 21:56:53,e20a39f4-73f5-4bc4-a12f-17d1ad07a965,-76,
20220319 21:56:53,e20a39f4-73f5-4bc4-a12f-17d1ad07a966,-76,
20220319 21:56:53,e20a39f4-73f5-4bc4-a12f-17d1ad07a964,-80,
20220319 21:56:53,e20a39f4-73f5-4bc4-a12f-17d1ad07a961,-85,
20220319 21:56:58,e20a39f4-73f5-4bc4-a12f-17d1ad07a967,-47,
20220319 21:56:58,e20a39f4-73f5-4bc4-a12f-17d1ad07a963,-57,
20220319 21:56:58,e20a39f4-73f5-4bc4-a12f-17d1ad07a961,-61,
20220319 21:56:58,e20a39f4-73f5-4bc4-a12f-17d1ad07a962,-75,
20220319 21:56:58,e20a39f4-73f5-4bc4-a12f-17d1ad07a965,-76,
20220319 21:56:58,e20a39f4-73f5-4bc4-a12f-17d1ad07a966,-76,
20220319 21:56:58,e20a39f4-73f5-4bc4-a12f-17d1ad07a964,-80,
20220319 21:57:03,e20a39f4-73f5-4bc4-a12f-17d1ad07a967,-54,
20220319 21:57:03,e20a39f4-73f5-4bc4-a12f-17d1ad07a963,-57,
20220319 21:57:03,e20a39f4-73f5-4bc4-a12f-17d1ad07a961,-66,
20220319 21:57:03,e20a39f4-73f5-4bc4-a12f-17d1ad07a962,-70,
20220319 21:57:03,e20a39f4-73f5-4bc4-a12f-17d1ad07a964,-71,
20220319 21:57:03,e20a39f4-73f5-4bc4-a12f-17d1ad07a965,-76,
20220319 21:57:03,e20a39f4-73f5-4bc4-a12f-17d1ad07a966,-81,
20220319 21:57:08,e20a39f4-73f5-4bc4-a12f-17d1ad07a967,-50,
20220319 21:57:08,e20a39f4-73f5-4bc4-a12f-17d1ad07a961,-61,
20220319 21:57:08,e20a39f4-73f5-4bc4-a12f-17d1ad07a963,-62,
20220319 21:57:08,e20a39f4-73f5-4bc4-a12f-17d1ad07a964,-65,
20220319 21:57:08,e20a39f4-73f5-4bc4-a12f-17d1ad07a962,-77,
20220319 21:57:08,e20a39f4-73f5-4bc4-a12f-17d1ad07a966,-79,
20220319 21:57:13,e20a39f4-73f5-4bc4-a12f-17d1ad07a967,-50,
20220319 21:57:13,e20a39f4-73f5-4bc4-a12f-17d1ad07a963,-59,
20220319 21:57:13,e20a39f4-73f5-4bc4-a12f-17d1ad07a962,-63,
20220319 21:57:13,e20a39f4-73f5-4bc4-a12f-17d1ad07a961,-64,
20220319 21:57:13,e20a39f4-73f5-4bc4-a12f-17d1ad07a964,-65,
20220319 21:57:13,e20a39f4-73f5-4bc4-a12f-17d1ad07a966,-74,
20220319 21:57:19,e20a39f4-73f5-4bc4-a12f-17d1ad07a963,-59,
20220319 21:57:19,e20a39f4-73f5-4bc4-a12f-17d1ad07a967,-62,
20220319 21:57:19,e20a39f4-73f5-4bc4-a12f-17d1ad07a962,-62,
20220319 21:57:19,e20a39f4-73f5-4bc4-a12f-17d1ad07a961,-67,
20220319 21:57:19,e20a39f4-73f5-4bc4-a12f-17d1ad07a964,-73,
20220319 21:57:19,e20a39f4-73f5-4bc4-a12f-17d1ad07a966,-81,
20220319 21:57:24,e20a39f4-73f5-4bc4-a12f-17d1ad07a963,-62,
20220319 21:57:24,e20a39f4-73f5-4bc4-a12f-17d1ad07a962,-63,
20220319 21:57:24,e20a39f4-73f5-4bc4-a12f-17d1ad07a967,-68,
20220319 21:57:24,e20a39f4-73f5-4bc4-a12f-17d1ad07a966,-74,
20220319 21:57:24,e20a39f4-73f5-4bc4-a12f-17d1ad07a964,-79,
20220319 21:57:24,e20a39f4-73f5-4bc4-a12f-17d1ad07a965,-82,
20220319 21:57:24,e20a39f4-73f5-4bc4-a12f-17d1ad07a961,-86,
20220319 21:57:29,e20a39f4-73f5-4bc4-a12f-17d1ad07a963,-59,
20220319 21:57:29,e20a39f4-73f5-4bc4-a12f-17d1ad07a962,-62,
20220319 21:57:29,e20a39f4-73f5-4bc4-a12f-17d1ad07a967,-71,
20220319 21:57:29,e20a39f4-73f5-4bc4-a12f-17d1ad07a966,-74,
20220319 21:57:29,e20a39f4-73f5-4bc4-a12f-17d1ad07a964,-79,
20220319 21:57:29,e20a39f4-73f5-4bc4-a12f-17d1ad07a961,-86,
20220319 21:57:29,e20a39f4-73f5-4bc4-a12f-17d1ad07a965,-90,
20220319 21:57:34,e20a39f4-73f5-4bc4-a12f-17d1ad07a967,-55,
20220319 21:57:34,e20a39f4-73f5-4bc4-a12f-17d1ad07a963,-60,
20220319 21:57:34,e20a39f4-73f5-4bc4-a12f-17d1ad07a962,-62,
20220319 21:57:34,e20a39f4-73f5-4bc4-a12f-17d1ad07a965,-75,
20220319 21:57:34,e20a39f4-73f5-4bc4-a12f-17d1ad07a966,-76,
20220319 21:57:34,e20a39f4-73f5-4bc4-a12f-17d1ad07a964,-79,
20220319 21:57:34,e20a39f4-73f5-4bc4-a12f-17d1ad07a961,-86,
20220319 21:57:39,e20a39f4-73f5-4bc4-a12f-17d1ad07a963,-55,
20220319 21:57:39,e20a39f4-73f5-4bc4-a12f-17d1ad07a967,-58,
20220319 21:57:39,e20a39f4-73f5-4bc4-a12f-17d1ad07a965,-75,
20220319 21:57:39,e20a39f4-73f5-4bc4-a12f-17d1ad07a966,-75,
20220319 21:57:39,e20a39f4-73f5-4bc4-a12f-17d1ad07a964,-79,
20220319 21:57:39,e20a39f4-73f5-4bc4-a12f-17d1ad07a961,-86,
20220319 21:57:39,e20a39f4-73f5-4bc4-a12f-17d1ad07a962,-88,
20220319 21:57:44,e20a39f4-73f5-4bc4-a12f-17d1ad07a963,-55,
20220319 21:57:44,e20a39f4-73f5-4bc4-a12f-17d1ad07a967,-59,
20220319 21:57:44,e20a39f4-73f5-4bc4-a12f-17d1ad07a962,-64,
20220319 21:57:44,e20a39f4-73f5-4bc4-a12f-17d1ad07a961,-66,
20220319 21:57:44,e20a39f4-73f5-4bc4-a12f-17d1ad07a964,-69,
20220319 21:57:44,e20a39f4-73f5-4bc4-a12f-17d1ad07a965,-75,
20220319 21:57:44,e20a39f4-73f5-4bc4-a12f-17d1ad07a966,-75,
20220319 21:57:49,e20a39f4-73f5-4bc4-a12f-17d1ad07a967,-59,
20220319 21:57:49,e20a39f4-73f5-4bc4-a12f-17d1ad07a963,-59,
20220319 21:57:49,e20a39f4-73f5-4bc4-a12f-17d1ad07a961,-64,
20220319 21:57:49,e20a39f4-73f5-4bc4-a12f-17d1ad07a962,-67,
20220319 21:57:49,e20a39f4-73f5-4bc4-a12f-17d1ad07a964,-68,
20220319 21:57:49,e20a39f4-73f5-4bc4-a12f-17d1ad07a965,-71,
20220319 21:57:49,e20a39f4-73f5-4bc4-a12f-17d1ad07a966,-77,
20220319 21:57:54,e20a39f4-73f5-4bc4-a12f-17d1ad07a963,-57,
20220319 21:57:54,e20a39f4-73f5-4bc4-a12f-17d1ad07a961,-64,
20220319 21:57:54,e20a39f4-73f5-4bc4-a12f-17d1ad07a967,-67,
20220319 21:57:54,e20a39f4-73f5-4bc4-a12f-17d1ad07a964,-68,
20220319 21:57:54,e20a39f4-73f5-4bc4-a12f-17d1ad07a962,-76,
20220319 21:57:54,e20a39f4-73f5-4bc4-a12f-17d1ad07a966,-77,
20220319 21:57:54,e20a39f4-73f5-4bc4-a12f-17d1ad07a965,-82,
20220319 21:57:59,e20a39f4-73f5-4bc4-a12f-17d1ad07a963,-57,
20220319 21:57:59,e20a39f4-73f5-4bc4-a12f-17d1ad07a967,-60,
20220319 21:57:59,e20a39f4-73f5-4bc4-a12f-17d1ad07a964,-60,
20220319 21:57:59,e20a39f4-73f5-4bc4-a12f-17d1ad07a962,-64,
20220319 21:57:59,e20a39f4-73f5-4bc4-a12f-17d1ad07a961,-71,
20220319 21:57:59,e20a39f4-73f5-4bc4-a12f-17d1ad07a966,-77,
20220319 21:57:59,e20a39f4-73f5-4bc4-a12f-17d1ad07a965,-82,
20220319 21:58:04,e20a39f4-73f5-4bc4-a12f-17d1ad07a963,-57,
20220319 21:58:04,e20a39f4-73f5-4bc4-a12f-17d1ad07a967,-61,
20220319 21:58:04,e20a39f4-73f5-4bc4-a12f-17d1ad07a961,-65,
20220319 21:58:04,e20a39f4-73f5-4bc4-a12f-17d1ad07a964,-69,
20220319 21:58:04,e20a39f4-73f5-4bc4-a12f-17d1ad07a962,-69,
20220319 21:58:04,e20a39f4-73f5-4bc4-a12f-17d1ad07a966,-77,
20220319 21:58:04,e20a39f4-73f5-4bc4-a12f-17d1ad07a965,-82,
20220319 21:58:09,e20a39f4-73f5-4bc4-a12f-17d1ad07a963,-57,
20220319 21:58:09,e20a39f4-73f5-4bc4-a12f-17d1ad07a967,-61,
20220319 21:58:09,e20a39f4-73f5-4bc4-a12f-17d1ad07a964,-69,
20220319 21:58:09,e20a39f4-73f5-4bc4-a12f-17d1ad07a961,-70,
20220319 21:58:09,e20a39f4-73f5-4bc4-a12f-17d1ad07a962,-74,
20220319 21:58:09,e20a39f4-73f5-4bc4-a12f-17d1ad07a966,-78,
20220319 21:58:09,e20a39f4-73f5-4bc4-a12f-17d1ad07a965,-83,
20220319 21:58:14,e20a39f4-73f5-4bc4-a12f-17d1ad07a967,-59,
20220319 21:58:14,e20a39f4-73f5-4bc4-a12f-17d1ad07a964,-69,
20220319 21:58:14,e20a39f4-73f5-4bc4-a12f-17d1ad07a965,-70,
20220319 21:58:14,e20a39f4-73f5-4bc4-a12f-17d1ad07a961,-70,
20220319 21:58:14,e20a39f4-73f5-4bc4-a12f-17d1ad07a962,-73,
20220319 21:58:14,e20a39f4-73f5-4bc4-a12f-17d1ad07a966,-79,
20220319 21:58:19,e20a39f4-73f5-4bc4-a12f-17d1ad07a967,-61,
20220319 21:58:19,e20a39f4-73f5-4bc4-a12f-17d1ad07a964,-69,
20220319 21:58:19,e20a39f4-73f5-4bc4-a12f-17d1ad07a966,-71,
20220319 21:58:19,e20a39f4-73f5-4bc4-a12f-17d1ad07a965,-72,
20220319 21:58:19,e20a39f4-73f5-4bc4-a12f-17d1ad07a961,-73,
20220319 21:58:19,e20a39f4-73f5-4bc4-a12f-17d1ad07a962,-73,
20220319 21:58:24,e20a39f4-73f5-4bc4-a12f-17d1ad07a963,-54,
20220319 21:58:24,e20a39f4-73f5-4bc4-a12f-17d1ad07a967,-59,
20220319 21:58:24,e20a39f4-73f5-4bc4-a12f-17d1ad07a964,-65,
20220319 21:58:24,e20a39f4-73f5-4bc4-a12f-17d1ad07a961,-70,
20220319 21:58:24,e20a39f4-73f5-4bc4-a12f-17d1ad07a966,-71,
20220319 21:58:24,e20a39f4-73f5-4bc4-a12f-17d1ad07a962,-73,
20220319 21:58:24,e20a39f4-73f5-4bc4-a12f-17d1ad07a965,-76,
20220319 21:58:29,e20a39f4-73f5-4bc4-a12f-17d1ad07a963,-50,
20220319 21:58:29,e20a39f4-73f5-4bc4-a12f-17d1ad07a967,-59,
20220319 21:58:29,e20a39f4-73f5-4bc4-a12f-17d1ad07a964,-63,
20220319 21:58:29,e20a39f4-73f5-4bc4-a12f-17d1ad07a965,-70,
20220319 21:58:29,e20a39f4-73f5-4bc4-a12f-17d1ad07a966,-71,
20220319 21:58:29,e20a39f4-73f5-4bc4-a12f-17d1ad07a962,-72,
20220319 21:58:29,e20a39f4-73f5-4bc4-a12f-17d1ad07a961,-85,
20220319 21:58:34,e20a39f4-73f5-4bc4-a12f-17d1ad07a964,-63,
20220319 21:58:34,e20a39f4-73f5-4bc4-a12f-17d1ad07a963,-64,
20220319 21:58:34,e20a39f4-73f5-4bc4-a12f-17d1ad07a967,-67,
20220319 21:58:34,e20a39f4-73f5-4bc4-a12f-17d1ad07a965,-68,
20220319 21:58:34,e20a39f4-73f5-4bc4-a12f-17d1ad07a966,-71,
20220319 21:58:34,e20a39f4-73f5-4bc4-a12f-17d1ad07a962,-79,
20220319 21:58:34,e20a39f4-73f5-4bc4-a12f-17d1ad07a961,-85,
20220319 21:58:39,e20a39f4-73f5-4bc4-a12f-17d1ad07a964,-63,
20220319 21:58:39,e20a39f4-73f5-4bc4-a12f-17d1ad07a967,-65,
20220319 21:58:39,e20a39f4-73f5-4bc4-a12f-17d1ad07a963,-71,
20220319 21:58:39,e20a39f4-73f5-4bc4-a12f-17d1ad07a962,-79,
20220319 21:58:39,e20a39f4-73f5-4bc4-a12f-17d1ad07a965,-80,
20220319 21:58:39,e20a39f4-73f5-4bc4-a12f-17d1ad07a961,-85,
20220319 21:58:44,e20a39f4-73f5-4bc4-a12f-17d1ad07a961,-58,
20220319 21:58:44,e20a39f4-73f5-4bc4-a12f-17d1ad07a967,-70,
20220319 21:58:44,e20a39f4-73f5-4bc4-a12f-17d1ad07a962,-70,
20220319 21:58:44,e20a39f4-73f5-4bc4-a12f-17d1ad07a963,-71,
20220319 21:58:44,e20a39f4-73f5-4bc4-a12f-17d1ad07a964,-74,
20220319 21:58:44,e20a39f4-73f5-4bc4-a12f-17d1ad07a965,-80,
20220319 21:58:49,e20a39f4-73f5-4bc4-a12f-17d1ad07a961,-56,
20220319 21:58:49,e20a39f4-73f5-4bc4-a12f-17d1ad07a967,-68,
20220319 21:58:49,e20a39f4-73f5-4bc4-a12f-17d1ad07a963,-71,
20220319 21:58:49,e20a39f4-73f5-4bc4-a12f-17d1ad07a962,-77,
20220319 21:58:49,e20a39f4-73f5-4bc4-a12f-17d1ad07a964,-78,
20220319 21:58:49,e20a39f4-73f5-4bc4-a12f-17d1ad07a965,-80,
20220319 21:58:54,e20a39f4-73f5-4bc4-a12f-17d1ad07a961,-56,
20220319 21:58:54,e20a39f4-73f5-4bc4-a12f-17d1ad07a967,-68,
20220319 21:58:54,e20a39f4-73f5-4bc4-a12f-17d1ad07a964,-68,
20220319 21:58:54,e20a39f4-73f5-4bc4-a12f-17d1ad07a962,-69,
20220319 21:58:54,e20a39f4-73f5-4bc4-a12f-17d1ad07a963,-71,
20220319 21:58:54,e20a39f4-73f5-4bc4-a12f-17d1ad07a965,-81,
20220319 21:58:59,e20a39f4-73f5-4bc4-a12f-17d1ad07a961,-56,
20220319 21:58:59,e20a39f4-73f5-4bc4-a12f-17d1ad07a963,-59,
20220319 21:58:59,e20a39f4-73f5-4bc4-a12f-17d1ad07a967,-61,
20220319 21:58:59,e20a39f4-73f5-4bc4-a12f-17d1ad07a964,-68,
20220319 21:58:59,e20a39f4-73f5-4bc4-a12f-17d1ad07a962,-69,
20220319 21:58:59,e20a39f4-73f5-4bc4-a12f-17d1ad07a965,-77,
20220319 21:59:04,e20a39f4-73f5-4bc4-a12f-17d1ad07a963,-59,
20220319 21:59:04,e20a39f4-73f5-4bc4-a12f-17d1ad07a967,-61,
20220319 21:59:04,e20a39f4-73f5-4bc4-a12f-17d1ad07a964,-68,
20220319 21:59:04,e20a39f4-73f5-4bc4-a12f-17d1ad07a961,-69,
20220319 21:59:04,e20a39f4-73f5-4bc4-a12f-17d1ad07a962,-73,
20220319 21:59:04,e20a39f4-73f5-4bc4-a12f-17d1ad07a965,-77,
20220319 21:59:09,e20a39f4-73f5-4bc4-a12f-17d1ad07a963,-56,
20220319 21:59:09,e20a39f4-73f5-4bc4-a12f-17d1ad07a967,-61,
20220319 21:59:09,e20a39f4-73f5-4bc4-a12f-17d1ad07a961,-69,
20220319 21:59:09,e20a39f4-73f5-4bc4-a12f-17d1ad07a962,-71,
20220319 21:59:09,e20a39f4-73f5-4bc4-a12f-17d1ad07a964,-75,
20220319 21:59:09,e20a39f4-73f5-4bc4-a12f-17d1ad07a966,-83,
20220319 21:59:09,e20a39f4-73f5-4bc4-a12f-17d1ad07a965,-85,
20220319 21:59:14,e20a39f4-73f5-4bc4-a12f-17d1ad07a963,-58,
20220319 21:59:14,e20a39f4-73f5-4bc4-a12f-17d1ad07a964,-62,
20220319 21:59:14,e20a39f4-73f5-4bc4-a12f-17d1ad07a962,-76,
20220319 21:59:14,e20a39f4-73f5-4bc4-a12f-17d1ad07a967,-78,
20220319 21:59:14,e20a39f4-73f5-4bc4-a12f-17d1ad07a966,-79,
20220319 21:59:14,e20a39f4-73f5-4bc4-a12f-17d1ad07a961,-81,
20220319 21:59:14,e20a39f4-73f5-4bc4-a12f-17d1ad07a965,-85,
20220319 21:59:19,e20a39f4-73f5-4bc4-a12f-17d1ad07a963,-57,
20220319 21:59:19,e20a39f4-73f5-4bc4-a12f-17d1ad07a967,-68,
20220319 21:59:19,e20a39f4-73f5-4bc4-a12f-17d1ad07a965,-73,
20220319 21:59:19,e20a39f4-73f5-4bc4-a12f-17d1ad07a961,-75,
20220319 21:59:19,e20a39f4-73f5-4bc4-a12f-17d1ad07a962,-76,
20220319 21:59:19,e20a39f4-73f5-4bc4-a12f-17d1ad07a966,-79,
20220319 21:59:19,e20a39f4-73f5-4bc4-a12f-17d1ad07a964,-83,
20220319 21:59:24,e20a39f4-73f5-4bc4-a12f-17d1ad07a963,-52,
20220319 21:59:24,e20a39f4-73f5-4bc4-a12f-17d1ad07a965,-67,
20220319 21:59:24,e20a39f4-73f5-4bc4-a12f-17d1ad07a967,-68,
20220319 21:59:24,e20a39f4-73f5-4bc4-a12f-17d1ad07a961,-75,
20220319 21:59:24,e20a39f4-73f5-4bc4-a12f-17d1ad07a966,-77,
20220319 21:59:24,e20a39f4-73f5-4bc4-a12f-17d1ad07a962,-79,
20220319 21:59:24,e20a39f4-73f5-4bc4-a12f-17d1ad07a964,-83,
20220319 21:59:29,e20a39f4-73f5-4bc4-a12f-17d1ad07a963,-57,
20220319 21:59:29,e20a39f4-73f5-4bc4-a12f-17d1ad07a967,-67,
20220319 21:59:29,e20a39f4-73f5-4bc4-a12f-17d1ad07a965,-67,
20220319 21:59:29,e20a39f4-73f5-4bc4-a12f-17d1ad07a961,-73,
20220319 21:59:29,e20a39f4-73f5-4bc4-a12f-17d1ad07a962,-77,
20220319 21:59:29,e20a39f4-73f5-4bc4-a12f-17d1ad07a964,-82,
20220319 21:59:29,e20a39f4-73f5-4bc4-a12f-17d1ad07a966,-98,
20220319 21:59:34,e20a39f4-73f5-4bc4-a12f-17d1ad07a963,-56,
20220319 21:59:34,e20a39f4-73f5-4bc4-a12f-17d1ad07a967,-67,
20220319 21:59:34,e20a39f4-73f5-4bc4-a12f-17d1ad07a965,-72,
20220319 21:59:34,e20a39f4-73f5-4bc4-a12f-17d1ad07a966,-77,
20220319 21:59:34,e20a39f4-73f5-4bc4-a12f-17d1ad07a964,-83,
20220319 21:59:34,e20a39f4-73f5-4bc4-a12f-17d1ad07a962,-83,
20220319 21:59:34,e20a39f4-73f5-4bc4-a12f-17d1ad07a961,-85,
20220319 21:59:39,e20a39f4-73f5-4bc4-a12f-17d1ad07a963,-57,
20220319 21:59:39,e20a39f4-73f5-4bc4-a12f-17d1ad07a965,-65,
20220319 21:59:39,e20a39f4-73f5-4bc4-a12f-17d1ad07a962,-75,
20220319 21:59:39,e20a39f4-73f5-4bc4-a12f-17d1ad07a964,-76,
20220319 21:59:39,e20a39f4-73f5-4bc4-a12f-17d1ad07a961,-80,
20220319 21:59:39,e20a39f4-73f5-4bc4-a12f-17d1ad07a967,-81,
20220319 21:59:39,e20a39f4-73f5-4bc4-a12f-17d1ad07a966,-86,
20220319 21:59:44,e20a39f4-73f5-4bc4-a12f-17d1ad07a963,-61,
20220319 21:59:44,e20a39f4-73f5-4bc4-a12f-17d1ad07a965,-65,
20220319 21:59:44,e20a39f4-73f5-4bc4-a12f-17d1ad07a967,-69,
20220319 21:59:44,e20a39f4-73f5-4bc4-a12f-17d1ad07a964,-76,
20220319 21:59:44,e20a39f4-73f5-4bc4-a12f-17d1ad07a961,-78,
20220319 21:59:44,e20a39f4-73f5-4bc4-a12f-17d1ad07a962,-79,
20220319 21:59:44,e20a39f4-73f5-4bc4-a12f-17d1ad07a966,-80,
20220319 21:59:49,e20a39f4-73f5-4bc4-a12f-17d1ad07a963,-57,
20220319 21:59:49,e20a39f4-73f5-4bc4-a12f-17d1ad07a965,-63,
20220319 21:59:49,e20a39f4-73f5-4bc4-a12f-17d1ad07a961,-63,
20220319 21:59:49,e20a39f4-73f5-4bc4-a12f-17d1ad07a967,-69,
20220319 21:59:49,e20a39f4-73f5-4bc4-a12f-17d1ad07a966,-71,
20220319 21:59:49,e20a39f4-73f5-4bc4-a12f-17d1ad07a962,-78,
20220319 21:59:49,e20a39f4-73f5-4bc4-a12f-17d1ad07a964,-82,
20220319 21:59:54,e20a39f4-73f5-4bc4-a12f-17d1ad07a963,-58,
20220319 21:59:54,e20a39f4-73f5-4bc4-a12f-17d1ad07a961,-66,
20220319 21:59:54,e20a39f4-73f5-4bc4-a12f-17d1ad07a965,-67,
20220319 21:59:54,e20a39f4-73f5-4bc4-a12f-17d1ad07a966,-71,
20220319 21:59:54,e20a39f4-73f5-4bc4-a12f-17d1ad07a967,-72,
20220319 21:59:54,e20a39f4-73f5-4bc4-a12f-17d1ad07a962,-79,
20220319 21:59:54,e20a39f4-73f5-4bc4-a12f-17d1ad07a964,-83,
20220319 21:59:59,e20a39f4-73f5-4bc4-a12f-17d1ad07a963,-60,
20220319 21:59:59,e20a39f4-73f5-4bc4-a12f-17d1ad07a965,-67,
20220319 21:59:59,e20a39f4-73f5-4bc4-a12f-17d1ad07a967,-68,
20220319 21:59:59,e20a39f4-73f5-4bc4-a12f-17d1ad07a961,-71,
20220319 21:59:59,e20a39f4-73f5-4bc4-a12f-17d1ad07a964,-77,
20220319 21:59:59,e20a39f4-73f5-4bc4-a12f-17d1ad07a962,-79,
20220319 21:59:59,e20a39f4-73f5-4bc4-a12f-17d1ad07a966,-83,
20220319 22:00:03,e20a39f4-73f5-4bc4-a12f-17d1ad07a963,-59,
20220319 22:00:03,e20a39f4-73f5-4bc4-a12f-17d1ad07a965,-65,
20220319 22:00:03,e20a39f4-73f5-4bc4-a12f-17d1ad07a966,-68,
20220319 22:00:03,e20a39f4-73f5-4bc4-a12f-17d1ad07a967,-70,
20220319 22:00:03,e20a39f4-73f5-4bc4-a12f-17d1ad07a961,-71,
20220319 22:00:03,e20a39f4-73f5-4bc4-a12f-17d1ad07a964,-77,
20220319 22:00:03,e20a39f4-73f5-4bc4-a12f-17d1ad07a962,-79,
20220319 22:00:08,e20a39f4-73f5-4bc4-a12f-17d1ad07a963,-59,
20220319 22:00:08,e20a39f4-73f5-4bc4-a12f-17d1ad07a965,-63,
20220319 22:00:08,e20a39f4-73f5-4bc4-a12f-17d1ad07a966,-68,
20220319 22:00:08,e20a39f4-73f5-4bc4-a12f-17d1ad07a961,-71,
20220319 22:00:08,e20a39f4-73f5-4bc4-a12f-17d1ad07a962,-79,
20220319 22:00:08,e20a39f4-73f5-4bc4-a12f-17d1ad07a967,-81,
20220319 22:00:08,e20a39f4-73f5-4bc4-a12f-17d1ad07a964,-84,
20220319 22:00:11,e20a39f4-73f5-4bc4-a12f-17d1ad07a963,-56,
20220319 22:00:11,e20a39f4-73f5-4bc4-a12f-17d1ad07a966,-64,
20220319 22:00:11,e20a39f4-73f5-4bc4-a12f-17d1ad07a961,-65,
20220319 22:00:11,e20a39f4-73f5-4bc4-a12f-17d1ad07a965,-67,
20220319 22:00:11,e20a39f4-73f5-4bc4-a12f-17d1ad07a964,-69,
20220319 22:00:11,e20a39f4-73f5-4bc4-a12f-17d1ad07a962,-79,
20220319 22:00:11,e20a39f4-73f5-4bc4-a12f-17d1ad07a967,-81,
20220319 22:00:17,e20a39f4-73f5-4bc4-a12f-17d1ad07a963,-54,
20220319 22:00:17,e20a39f4-73f5-4bc4-a12f-17d1ad07a965,-66,
20220319 22:00:17,e20a39f4-73f5-4bc4-a12f-17d1ad07a966,-67,
20220319 22:00:17,e20a39f4-73f5-4bc4-a12f-17d1ad07a961,-71,
20220319 22:00:17,e20a39f4-73f5-4bc4-a12f-17d1ad07a964,-77,
20220319 22:00:17,e20a39f4-73f5-4bc4-a12f-17d1ad07a967,-81,
20220319 22:00:17,e20a39f4-73f5-4bc4-a12f-17d1ad07a962,-86,
20220319 22:00:22,e20a39f4-73f5-4bc4-a12f-17d1ad07a963,-59,
20220319 22:00:22,e20a39f4-73f5-4bc4-a12f-17d1ad07a965,-66,
20220319 22:00:22,e20a39f4-73f5-4bc4-a12f-17d1ad07a961,-71,
20220319 22:00:22,e20a39f4-73f5-4bc4-a12f-17d1ad07a966,-74,
20220319 22:00:22,e20a39f4-73f5-4bc4-a12f-17d1ad07a964,-77,
20220319 22:00:22,e20a39f4-73f5-4bc4-a12f-17d1ad07a967,-78,
20220319 22:00:22,e20a39f4-73f5-4bc4-a12f-17d1ad07a962,-86,
20220319 22:00:27,e20a39f4-73f5-4bc4-a12f-17d1ad07a964,-64,
20220319 22:00:27,e20a39f4-73f5-4bc4-a12f-17d1ad07a965,-65,
20220319 22:00:27,e20a39f4-73f5-4bc4-a12f-17d1ad07a961,-65,
20220319 22:00:27,e20a39f4-73f5-4bc4-a12f-17d1ad07a967,-66,
20220319 22:00:27,e20a39f4-73f5-4bc4-a12f-17d1ad07a963,-67,
20220319 22:00:27,e20a39f4-73f5-4bc4-a12f-17d1ad07a966,-71,
20220319 22:00:27,e20a39f4-73f5-4bc4-a12f-17d1ad07a962,-86,
20220319 22:00:33,e20a39f4-73f5-4bc4-a12f-17d1ad07a963,-65,
20220319 22:00:33,e20a39f4-73f5-4bc4-a12f-17d1ad07a961,-69,
20220319 22:00:33,e20a39f4-73f5-4bc4-a12f-17d1ad07a966,-70,
20220319 22:00:33,e20a39f4-73f5-4bc4-a12f-17d1ad07a967,-74,
20220319 22:00:33,e20a39f4-73f5-4bc4-a12f-17d1ad07a965,-77,
20220319 22:00:33,e20a39f4-73f5-4bc4-a12f-17d1ad07a964,-81,
20220319 22:00:33,e20a39f4-73f5-4bc4-a12f-17d1ad07a962,-82,
20220319 22:00:38,e20a39f4-73f5-4bc4-a12f-17d1ad07a963,-57,
20220319 22:00:38,e20a39f4-73f5-4bc4-a12f-17d1ad07a965,-60,
20220319 22:00:38,e20a39f4-73f5-4bc4-a12f-17d1ad07a961,-66,
20220319 22:00:38,e20a39f4-73f5-4bc4-a12f-17d1ad07a964,-67,
20220319 22:00:38,e20a39f4-73f5-4bc4-a12f-17d1ad07a966,-71,
20220319 22:00:38,e20a39f4-73f5-4bc4-a12f-17d1ad07a967,-74,
20220319 22:00:38,e20a39f4-73f5-4bc4-a12f-17d1ad07a962,-74,
20220319 22:00:43,e20a39f4-73f5-4bc4-a12f-17d1ad07a963,-66,
20220319 22:00:43,e20a39f4-73f5-4bc4-a12f-17d1ad07a965,-67,
20220319 22:00:43,e20a39f4-73f5-4bc4-a12f-17d1ad07a961,-67,
20220319 22:00:43,e20a39f4-73f5-4bc4-a12f-17d1ad07a966,-71,
20220319 22:00:43,e20a39f4-73f5-4bc4-a12f-17d1ad07a967,-74,
20220319 22:00:43,e20a39f4-73f5-4bc4-a12f-17d1ad07a964,-74,
20220319 22:00:43,e20a39f4-73f5-4bc4-a12f-17d1ad07a962,-74,
20220319 22:00:46,e20a39f4-73f5-4bc4-a12f-17d1ad07a963,-66,
20220319 22:00:46,e20a39f4-73f5-4bc4-a12f-17d1ad07a965,-67,
20220319 22:00:46,e20a39f4-73f5-4bc4-a12f-17d1ad07a961,-68,
20220319 22:00:46,e20a39f4-73f5-4bc4-a12f-17d1ad07a966,-71,
20220319 22:00:46,e20a39f4-73f5-4bc4-a12f-17d1ad07a967,-75,
20220319 22:00:46,e20a39f4-73f5-4bc4-a12f-17d1ad07a964,-80,
20220319 22:00:46,e20a39f4-73f5-4bc4-a12f-17d1ad07a962,-84,
20220319 22:00:51,e20a39f4-73f5-4bc4-a12f-17d1ad07a967,-66,
20220319 22:00:51,e20a39f4-73f5-4bc4-a12f-17d1ad07a963,-66,
20220319 22:00:51,e20a39f4-73f5-4bc4-a12f-17d1ad07a965,-67,
20220319 22:00:51,e20a39f4-73f5-4bc4-a12f-17d1ad07a966,-71,
20220319 22:00:51,e20a39f4-73f5-4bc4-a12f-17d1ad07a961,-73,
20220319 22:00:51,e20a39f4-73f5-4bc4-a12f-17d1ad07a964,-74,
20220319 22:00:51,e20a39f4-73f5-4bc4-a12f-17d1ad07a962,-75,
20220319 22:00:56,e20a39f4-73f5-4bc4-a12f-17d1ad07a966,-63,
20220319 22:00:56,e20a39f4-73f5-4bc4-a12f-17d1ad07a965,-66,
20220319 22:00:56,e20a39f4-73f5-4bc4-a12f-17d1ad07a963,-68,
20220319 22:00:56,e20a39f4-73f5-4bc4-a12f-17d1ad07a967,-69,
20220319 22:00:56,e20a39f4-73f5-4bc4-a12f-17d1ad07a961,-79,
20220319 22:00:56,e20a39f4-73f5-4bc4-a12f-17d1ad07a962,-79,
20220319 22:00:56,e20a39f4-73f5-4bc4-a12f-17d1ad07a964,-86,
20220319 22:00:58,e20a39f4-73f5-4bc4-a12f-17d1ad07a966,-63,
20220319 22:00:58,e20a39f4-73f5-4bc4-a12f-17d1ad07a965,-66,
20220319 22:00:58,e20a39f4-73f5-4bc4-a12f-17d1ad07a963,-68,
20220319 22:00:58,e20a39f4-73f5-4bc4-a12f-17d1ad07a967,-72,
20220319 22:00:58,e20a39f4-73f5-4bc4-a12f-17d1ad07a961,-79,
20220319 22:00:58,e20a39f4-73f5-4bc4-a12f-17d1ad07a962,-79,
20220319 22:00:58,e20a39f4-73f5-4bc4-a12f-17d1ad07a964,-86,
20220319 22:01:03,e20a39f4-73f5-4bc4-a12f-17d1ad07a965,-61,
20220319 22:01:03,e20a39f4-73f5-4bc4-a12f-17d1ad07a963,-64,
20220319 22:01:03,e20a39f4-73f5-4bc4-a12f-17d1ad07a966,-66,
20220319 22:01:03,e20a39f4-73f5-4bc4-a12f-17d1ad07a964,-71,
20220319 22:01:03,e20a39f4-73f5-4bc4-a12f-17d1ad07a967,-72,
20220319 22:01:03,e20a39f4-73f5-4bc4-a12f-17d1ad07a961,-76,
20220319 22:01:03,e20a39f4-73f5-4bc4-a12f-17d1ad07a962,-79,
20220319 22:01:08,e20a39f4-73f5-4bc4-a12f-17d1ad07a966,-63,
20220319 22:01:08,e20a39f4-73f5-4bc4-a12f-17d1ad07a963,-65,
20220319 22:01:08,e20a39f4-73f5-4bc4-a12f-17d1ad07a965,-68,
20220319 22:01:08,e20a39f4-73f5-4bc4-a12f-17d1ad07a964,-71,
20220319 22:01:08,e20a39f4-73f5-4bc4-a12f-17d1ad07a961,-76,
20220319 22:01:08,e20a39f4-73f5-4bc4-a12f-17d1ad07a962,-77,
20220319 22:01:08,e20a39f4-73f5-4bc4-a12f-17d1ad07a967,-78,
20220319 22:01:13,e20a39f4-73f5-4bc4-a12f-17d1ad07a963,-65,
20220319 22:01:13,e20a39f4-73f5-4bc4-a12f-17d1ad07a966,-66,
20220319 22:01:13,e20a39f4-73f5-4bc4-a12f-17d1ad07a965,-68,
20220319 22:01:13,e20a39f4-73f5-4bc4-a12f-17d1ad07a961,-76,
20220319 22:01:13,e20a39f4-73f5-4bc4-a12f-17d1ad07a964,-79,
20220319 22:01:13,e20a39f4-73f5-4bc4-a12f-17d1ad07a962,-80,
20220319 22:01:13,e20a39f4-73f5-4bc4-a12f-17d1ad07a967,-86,
20220319 22:01:18,e20a39f4-73f5-4bc4-a12f-17d1ad07a963,-64,
20220319 22:01:18,e20a39f4-73f5-4bc4-a12f-17d1ad07a965,-69,
20220319 22:01:18,e20a39f4-73f5-4bc4-a12f-17d1ad07a961,-69,
20220319 22:01:18,e20a39f4-73f5-4bc4-a12f-17d1ad07a966,-71,
20220319 22:01:18,e20a39f4-73f5-4bc4-a12f-17d1ad07a964,-74,
20220319 22:01:18,e20a39f4-73f5-4bc4-a12f-17d1ad07a962,-78,
20220319 22:01:18,e20a39f4-73f5-4bc4-a12f-17d1ad07a967,-86,
20220319 22:01:23,e20a39f4-73f5-4bc4-a12f-17d1ad07a963,-63,
20220319 22:01:23,e20a39f4-73f5-4bc4-a12f-17d1ad07a965,-66,
20220319 22:01:23,e20a39f4-73f5-4bc4-a12f-17d1ad07a967,-72,
20220319 22:01:23,e20a39f4-73f5-4bc4-a12f-17d1ad07a961,-75,
20220319 22:01:23,e20a39f4-73f5-4bc4-a12f-17d1ad07a962,-78,
20220319 22:01:23,e20a39f4-73f5-4bc4-a12f-17d1ad07a966,-83,
20220319 22:01:23,e20a39f4-73f5-4bc4-a12f-17d1ad07a964,-89,
20220319 22:01:28,e20a39f4-73f5-4bc4-a12f-17d1ad07a963,-57,
20220319 22:01:28,e20a39f4-73f5-4bc4-a12f-17d1ad07a965,-66,
20220319 22:01:28,e20a39f4-73f5-4bc4-a12f-17d1ad07a967,-68,
20220319 22:01:28,e20a39f4-73f5-4bc4-a12f-17d1ad07a962,-71,
20220319 22:01:28,e20a39f4-73f5-4bc4-a12f-17d1ad07a961,-75,
20220319 22:01:28,e20a39f4-73f5-4bc4-a12f-17d1ad07a966,-78,
20220319 22:01:28,e20a39f4-73f5-4bc4-a12f-17d1ad07a964,-89,
20220319 22:01:33,e20a39f4-73f5-4bc4-a12f-17d1ad07a963,-61,
20220319 22:01:33,e20a39f4-73f5-4bc4-a12f-17d1ad07a965,-63,
20220319 22:01:33,e20a39f4-73f5-4bc4-a12f-17d1ad07a967,-70,
20220319 22:01:33,e20a39f4-73f5-4bc4-a12f-17d1ad07a961,-71,
20220319 22:01:33,e20a39f4-73f5-4bc4-a12f-17d1ad07a962,-71,
20220319 22:01:33,e20a39f4-73f5-4bc4-a12f-17d1ad07a964,-76,
20220319 22:01:33,e20a39f4-73f5-4bc4-a12f-17d1ad07a966,-78,
20220319 22:01:38,e20a39f4-73f5-4bc4-a12f-17d1ad07a963,-63,
20220319 22:01:38,e20a39f4-73f5-4bc4-a12f-17d1ad07a965,-65,
20220319 22:01:38,e20a39f4-73f5-4bc4-a12f-17d1ad07a967,-70,
20220319 22:01:38,e20a39f4-73f5-4bc4-a12f-17d1ad07a961,-77,
20220319 22:01:38,e20a39f4-73f5-4bc4-a12f-17d1ad07a962,-79,
20220319 22:01:38,e20a39f4-73f5-4bc4-a12f-17d1ad07a966,-86,
20220319 22:01:38,e20a39f4-73f5-4bc4-a12f-17d1ad07a964,-91,
20220319 22:01:43,e20a39f4-73f5-4bc4-a12f-17d1ad07a965,-66,
20220319 22:01:43,e20a39f4-73f5-4bc4-a12f-17d1ad07a967,-67,
20220319 22:01:43,e20a39f4-73f5-4bc4-a12f-17d1ad07a966,-67,
20220319 22:01:43,e20a39f4-73f5-4bc4-a12f-17d1ad07a963,-72,
20220319 22:01:43,e20a39f4-73f5-4bc4-a12f-17d1ad07a961,-77,
20220319 22:01:43,e20a39f4-73f5-4bc4-a12f-17d1ad07a962,-79,
20220319 22:01:43,e20a39f4-73f5-4bc4-a12f-17d1ad07a964,-91,
20220319 22:01:48,e20a39f4-73f5-4bc4-a12f-17d1ad07a966,-67,
20220319 22:01:48,e20a39f4-73f5-4bc4-a12f-17d1ad07a963,-67,
20220319 22:01:48,e20a39f4-73f5-4bc4-a12f-17d1ad07a967,-68,
20220319 22:01:48,e20a39f4-73f5-4bc4-a12f-17d1ad07a965,-69,
20220319 22:01:48,e20a39f4-73f5-4bc4-a12f-17d1ad07a961,-77,
20220319 22:01:48,e20a39f4-73f5-4bc4-a12f-17d1ad07a962,-79,
20220319 22:01:48,e20a39f4-73f5-4bc4-a12f-17d1ad07a964,-83,
20220319 22:01:53,e20a39f4-73f5-4bc4-a12f-17d1ad07a963,-62,
20220319 22:01:53,e20a39f4-73f5-4bc4-a12f-17d1ad07a967,-63,
20220319 22:01:53,e20a39f4-73f5-4bc4-a12f-17d1ad07a965,-65,
20220319 22:01:53,e20a39f4-73f5-4bc4-a12f-17d1ad07a966,-67,
20220319 22:01:53,e20a39f4-73f5-4bc4-a12f-17d1ad07a964,-68,
20220319 22:01:53,e20a39f4-73f5-4bc4-a12f-17d1ad07a961,-78,
20220319 22:01:53,e20a39f4-73f5-4bc4-a12f-17d1ad07a962,-79,
20220319 22:01:58,e20a39f4-73f5-4bc4-a12f-17d1ad07a967,-63,
20220319 22:01:58,e20a39f4-73f5-4bc4-a12f-17d1ad07a965,-64,
20220319 22:01:58,e20a39f4-73f5-4bc4-a12f-17d1ad07a966,-68,
20220319 22:01:58,e20a39f4-73f5-4bc4-a12f-17d1ad07a963,-70,
20220319 22:01:58,e20a39f4-73f5-4bc4-a12f-17d1ad07a964,-74,
20220319 22:01:58,e20a39f4-73f5-4bc4-a12f-17d1ad07a961,-80,
20220319 22:01:58,e20a39f4-73f5-4bc4-a12f-17d1ad07a962,-83,
20220319 22:02:03,e20a39f4-73f5-4bc4-a12f-17d1ad07a965,-65,
20220319 22:02:03,e20a39f4-73f5-4bc4-a12f-17d1ad07a966,-68,
20220319 22:02:03,e20a39f4-73f5-4bc4-a12f-17d1ad07a961,-70,
20220319 22:02:03,e20a39f4-73f5-4bc4-a12f-17d1ad07a963,-73,
20220319 22:02:03,e20a39f4-73f5-4bc4-a12f-17d1ad07a964,-74,
20220319 22:02:03,e20a39f4-73f5-4bc4-a12f-17d1ad07a962,-75,
20220319 22:02:03,e20a39f4-73f5-4bc4-a12f-17d1ad07a967,-78,
20220319 22:02:08,e20a39f4-73f5-4bc4-a12f-17d1ad07a965,-65,
20220319 22:02:08,e20a39f4-73f5-4bc4-a12f-17d1ad07a967,-68,
20220319 22:02:08,e20a39f4-73f5-4bc4-a12f-17d1ad07a966,-68,
20220319 22:02:08,e20a39f4-73f5-4bc4-a12f-17d1ad07a961,-71,
20220319 22:02:08,e20a39f4-73f5-4bc4-a12f-17d1ad07a963,-73,
20220319 22:02:08,e20a39f4-73f5-4bc4-a12f-17d1ad07a964,-74,
20220319 22:02:08,e20a39f4-73f5-4bc4-a12f-17d1ad07a962,-75,
20220319 22:02:13,e20a39f4-73f5-4bc4-a12f-17d1ad07a966,-62,
20220319 22:02:13,e20a39f4-73f5-4bc4-a12f-17d1ad07a965,-65,
20220319 22:02:13,e20a39f4-73f5-4bc4-a12f-17d1ad07a961,-68,
20220319 22:02:13,e20a39f4-73f5-4bc4-a12f-17d1ad07a967,-74,
20220319 22:02:13,e20a39f4-73f5-4bc4-a12f-17d1ad07a963,-74,
20220319 22:02:13,e20a39f4-73f5-4bc4-a12f-17d1ad07a964,-75,
20220319 22:02:13,e20a39f4-73f5-4bc4-a12f-17d1ad07a962,-83,
20220319 22:02:18,e20a39f4-73f5-4bc4-a12f-17d1ad07a965,-65,
20220319 22:02:18,e20a39f4-73f5-4bc4-a12f-17d1ad07a966,-67,
20220319 22:02:18,e20a39f4-73f5-4bc4-a12f-17d1ad07a961,-71,
20220319 22:02:18,e20a39f4-73f5-4bc4-a12f-17d1ad07a967,-74,
20220319 22:02:18,e20a39f4-73f5-4bc4-a12f-17d1ad07a964,-75,
20220319 22:02:18,e20a39f4-73f5-4bc4-a12f-17d1ad07a963,-78,
20220319 22:02:18,e20a39f4-73f5-4bc4-a12f-17d1ad07a962,-81,
20220319 22:02:23,e20a39f4-73f5-4bc4-a12f-17d1ad07a966,-60,
20220319 22:02:23,e20a39f4-73f5-4bc4-a12f-17d1ad07a967,-63,
20220319 22:02:23,e20a39f4-73f5-4bc4-a12f-17d1ad07a961,-71,
20220319 22:02:23,e20a39f4-73f5-4bc4-a12f-17d1ad07a964,-75,
20220319 22:02:23,e20a39f4-73f5-4bc4-a12f-17d1ad07a962,-76,
20220319 22:02:23,e20a39f4-73f5-4bc4-a12f-17d1ad07a965,-77,
20220319 22:02:23,e20a39f4-73f5-4bc4-a12f-17d1ad07a963,-77,
20220319 22:02:28,e20a39f4-73f5-4bc4-a12f-17d1ad07a966,-60,
20220319 22:02:28,e20a39f4-73f5-4bc4-a12f-17d1ad07a964,-75,
20220319 22:02:28,e20a39f4-73f5-4bc4-a12f-17d1ad07a962,-75,
20220319 22:02:28,e20a39f4-73f5-4bc4-a12f-17d1ad07a967,-76,
20220319 22:02:28,e20a39f4-73f5-4bc4-a12f-17d1ad07a965,-77,
20220319 22:02:28,e20a39f4-73f5-4bc4-a12f-17d1ad07a961,-77,
20220319 22:02:28,e20a39f4-73f5-4bc4-a12f-17d1ad07a963,-77,
20220319 22:02:33,e20a39f4-73f5-4bc4-a12f-17d1ad07a966,-60,
20220319 22:02:33,e20a39f4-73f5-4bc4-a12f-17d1ad07a967,-67,
20220319 22:02:33,e20a39f4-73f5-4bc4-a12f-17d1ad07a961,-73,
20220319 22:02:33,e20a39f4-73f5-4bc4-a12f-17d1ad07a962,-75,
20220319 22:02:33,e20a39f4-73f5-4bc4-a12f-17d1ad07a965,-77,
20220319 22:02:33,e20a39f4-73f5-4bc4-a12f-17d1ad07a963,-77,
20220319 22:02:33,e20a39f4-73f5-4bc4-a12f-17d1ad07a964,-78,
20220319 22:02:38,e20a39f4-73f5-4bc4-a12f-17d1ad07a966,-63,
20220319 22:02:38,e20a39f4-73f5-4bc4-a12f-17d1ad07a967,-68,
20220319 22:02:38,e20a39f4-73f5-4bc4-a12f-17d1ad07a963,-69,
20220319 22:02:38,e20a39f4-73f5-4bc4-a12f-17d1ad07a965,-73,
20220319 22:02:38,e20a39f4-73f5-4bc4-a12f-17d1ad07a961,-73,
20220319 22:02:38,e20a39f4-73f5-4bc4-a12f-17d1ad07a962,-78,
20220319 22:02:38,e20a39f4-73f5-4bc4-a12f-17d1ad07a964,-86,
20220319 22:02:43,e20a39f4-73f5-4bc4-a12f-17d1ad07a966,-60,
20220319 22:02:43,e20a39f4-73f5-4bc4-a12f-17d1ad07a963,-62,
20220319 22:02:43,e20a39f4-73f5-4bc4-a12f-17d1ad07a965,-67,
20220319 22:02:43,e20a39f4-73f5-4bc4-a12f-17d1ad07a967,-68,
20220319 22:02:43,e20a39f4-73f5-4bc4-a12f-17d1ad07a964,-72,
20220319 22:02:43,e20a39f4-73f5-4bc4-a12f-17d1ad07a961,-73,
20220319 22:02:43,e20a39f4-73f5-4bc4-a12f-17d1ad07a962,-76,
20220319 22:02:48,e20a39f4-73f5-4bc4-a12f-17d1ad07a966,-60,
20220319 22:02:48,e20a39f4-73f5-4bc4-a12f-17d1ad07a963,-62,
20220319 22:02:48,e20a39f4-73f5-4bc4-a12f-17d1ad07a967,-69,
20220319 22:02:48,e20a39f4-73f5-4bc4-a12f-17d1ad07a965,-69,
20220319 22:02:48,e20a39f4-73f5-4bc4-a12f-17d1ad07a964,-72,
20220319 22:02:48,e20a39f4-73f5-4bc4-a12f-17d1ad07a962,-76,
20220319 22:02:48,e20a39f4-73f5-4bc4-a12f-17d1ad07a961,-89,
20220319 22:02:53,e20a39f4-73f5-4bc4-a12f-17d1ad07a966,-60,
20220319 22:02:53,e20a39f4-73f5-4bc4-a12f-17d1ad07a963,-62,
20220319 22:02:53,e20a39f4-73f5-4bc4-a12f-17d1ad07a964,-70,
20220319 22:02:53,e20a39f4-73f5-4bc4-a12f-17d1ad07a967,-74,
20220319 22:02:53,e20a39f4-73f5-4bc4-a12f-17d1ad07a961,-76,
20220319 22:02:53,e20a39f4-73f5-4bc4-a12f-17d1ad07a962,-76,
20220319 22:02:53,e20a39f4-73f5-4bc4-a12f-17d1ad07a965,-84,
20220319 22:02:58,e20a39f4-73f5-4bc4-a12f-17d1ad07a966,-60,
20220319 22:02:58,e20a39f4-73f5-4bc4-a12f-17d1ad07a963,-63,
20220319 22:02:58,e20a39f4-73f5-4bc4-a12f-17d1ad07a964,-65,
20220319 22:02:58,e20a39f4-73f5-4bc4-a12f-17d1ad07a965,-69,
20220319 22:02:58,e20a39f4-73f5-4bc4-a12f-17d1ad07a961,-70,
20220319 22:02:58,e20a39f4-73f5-4bc4-a12f-17d1ad07a967,-74,
20220319 22:02:58,e20a39f4-73f5-4bc4-a12f-17d1ad07a962,-75,
20220319 22:03:03,e20a39f4-73f5-4bc4-a12f-17d1ad07a964,-65,
20220319 22:03:03,e20a39f4-73f5-4bc4-a12f-17d1ad07a967,-66,
20220319 22:03:03,e20a39f4-73f5-4bc4-a12f-17d1ad07a963,-67,
20220319 22:03:03,e20a39f4-73f5-4bc4-a12f-17d1ad07a966,-68,
20220319 22:03:03,e20a39f4-73f5-4bc4-a12f-17d1ad07a961,-70,
20220319 22:03:03,e20a39f4-73f5-4bc4-a12f-17d1ad07a965,-72,
20220319 22:03:03,e20a39f4-73f5-4bc4-a12f-17d1ad07a962,-81,
20220319 22:03:08,e20a39f4-73f5-4bc4-a12f-17d1ad07a967,-67,
20220319 22:03:08,e20a39f4-73f5-4bc4-a12f-17d1ad07a963,-67,
20220319 22:03:08,e20a39f4-73f5-4bc4-a12f-17d1ad07a966,-68,
20220319 22:03:08,e20a39f4-73f5-4bc4-a12f-17d1ad07a965,-69,
20220319 22:03:08,e20a39f4-73f5-4bc4-a12f-17d1ad07a964,-69,
20220319 22:03:08,e20a39f4-73f5-4bc4-a12f-17d1ad07a961,-78,
20220319 22:03:08,e20a39f4-73f5-4bc4-a12f-17d1ad07a962,-81,
20220319 22:03:13,e20a39f4-73f5-4bc4-a12f-17d1ad07a967,-65,
20220319 22:03:13,e20a39f4-73f5-4bc4-a12f-17d1ad07a963,-67,
20220319 22:03:13,e20a39f4-73f5-4bc4-a12f-17d1ad07a966,-68,
20220319 22:03:13,e20a39f4-73f5-4bc4-a12f-17d1ad07a965,-69,
20220319 22:03:13,e20a39f4-73f5-4bc4-a12f-17d1ad07a964,-71,
20220319 22:03:13,e20a39f4-73f5-4bc4-a12f-17d1ad07a961,-75,
20220319 22:03:13,e20a39f4-73f5-4bc4-a12f-17d1ad07a962,-81,
20220319 22:03:18,e20a39f4-73f5-4bc4-a12f-17d1ad07a967,-65,
20220319 22:03:18,e20a39f4-73f5-4bc4-a12f-17d1ad07a963,-66,
20220319 22:03:18,e20a39f4-73f5-4bc4-a12f-17d1ad07a966,-70,
20220319 22:03:18,e20a39f4-73f5-4bc4-a12f-17d1ad07a964,-74,
20220319 22:03:18,e20a39f4-73f5-4bc4-a12f-17d1ad07a965,-78,
20220319 22:03:18,e20a39f4-73f5-4bc4-a12f-17d1ad07a961,-79,
20220319 22:03:18,e20a39f4-73f5-4bc4-a12f-17d1ad07a962,-85,
20220319 22:03:23,e20a39f4-73f5-4bc4-a12f-17d1ad07a966,-54,
20220319 22:03:23,e20a39f4-73f5-4bc4-a12f-17d1ad07a964,-64,
20220319 22:03:23,e20a39f4-73f5-4bc4-a12f-17d1ad07a967,-65,
20220319 22:03:23,e20a39f4-73f5-4bc4-a12f-17d1ad07a963,-72,
20220319 22:03:23,e20a39f4-73f5-4bc4-a12f-17d1ad07a965,-74,
20220319 22:03:23,e20a39f4-73f5-4bc4-a12f-17d1ad07a962,-79,
20220319 22:03:23,e20a39f4-73f5-4bc4-a12f-17d1ad07a961,-81,
20220319 22:03:28,e20a39f4-73f5-4bc4-a12f-17d1ad07a966,-63,
20220319 22:03:28,e20a39f4-73f5-4bc4-a12f-17d1ad07a964,-64,
20220319 22:03:28,e20a39f4-73f5-4bc4-a12f-17d1ad07a965,-78,
20220319 22:03:28,e20a39f4-73f5-4bc4-a12f-17d1ad07a963,-80,
20220319 22:03:28,e20a39f4-73f5-4bc4-a12f-17d1ad07a961,-81,
20220319 22:03:28,e20a39f4-73f5-4bc4-a12f-17d1ad07a967,-82,
20220319 22:03:28,e20a39f4-73f5-4bc4-a12f-17d1ad07a962,-85,
20220319 22:03:33,e20a39f4-73f5-4bc4-a12f-17d1ad07a966,-62,
20220319 22:03:33,e20a39f4-73f5-4bc4-a12f-17d1ad07a964,-64,
20220319 22:03:33,e20a39f4-73f5-4bc4-a12f-17d1ad07a967,-66,
20220319 22:03:33,e20a39f4-73f5-4bc4-a12f-17d1ad07a965,-71,
20220319 22:03:33,e20a39f4-73f5-4bc4-a12f-17d1ad07a961,-76,
20220319 22:03:33,e20a39f4-73f5-4bc4-a12f-17d1ad07a963,-76,
20220319 22:03:33,e20a39f4-73f5-4bc4-a12f-17d1ad07a962,-85,
20220319 22:03:38,e20a39f4-73f5-4bc4-a12f-17d1ad07a966,-53,
20220319 22:03:38,e20a39f4-73f5-4bc4-a12f-17d1ad07a964,-65,
20220319 22:03:38,e20a39f4-73f5-4bc4-a12f-17d1ad07a967,-69,
20220319 22:03:38,e20a39f4-73f5-4bc4-a12f-17d1ad07a965,-71,
20220319 22:03:38,e20a39f4-73f5-4bc4-a12f-17d1ad07a963,-72,
20220319 22:03:38,e20a39f4-73f5-4bc4-a12f-17d1ad07a962,-79,
20220319 22:03:38,e20a39f4-73f5-4bc4-a12f-17d1ad07a961,-86,
20220319 22:03:43,e20a39f4-73f5-4bc4-a12f-17d1ad07a966,-60,
20220319 22:03:43,e20a39f4-73f5-4bc4-a12f-17d1ad07a964,-65,
20220319 22:03:43,e20a39f4-73f5-4bc4-a12f-17d1ad07a967,-70,
20220319 22:03:43,e20a39f4-73f5-4bc4-a12f-17d1ad07a965,-72,
20220319 22:03:43,e20a39f4-73f5-4bc4-a12f-17d1ad07a963,-73,
20220319 22:03:43,e20a39f4-73f5-4bc4-a12f-17d1ad07a962,-74,
20220319 22:03:43,e20a39f4-73f5-4bc4-a12f-17d1ad07a961,-86,
20220319 22:03:48,e20a39f4-73f5-4bc4-a12f-17d1ad07a966,-53,
20220319 22:03:48,e20a39f4-73f5-4bc4-a12f-17d1ad07a964,-63,
20220319 22:03:48,e20a39f4-73f5-4bc4-a12f-17d1ad07a967,-68,
20220319 22:03:48,e20a39f4-73f5-4bc4-a12f-17d1ad07a965,-72,
20220319 22:03:48,e20a39f4-73f5-4bc4-a12f-17d1ad07a963,-73,
20220319 22:03:48,e20a39f4-73f5-4bc4-a12f-17d1ad07a961,-82,
20220319 22:03:48,e20a39f4-73f5-4bc4-a12f-17d1ad07a962,-83,
20220319 22:03:53,e20a39f4-73f5-4bc4-a12f-17d1ad07a966,-60,
20220319 22:03:53,e20a39f4-73f5-4bc4-a12f-17d1ad07a964,-63,
20220319 22:03:53,e20a39f4-73f5-4bc4-a12f-17d1ad07a961,-68,
20220319 22:03:53,e20a39f4-73f5-4bc4-a12f-17d1ad07a963,-71,
20220319 22:03:53,e20a39f4-73f5-4bc4-a12f-17d1ad07a967,-73,
20220319 22:03:53,e20a39f4-73f5-4bc4-a12f-17d1ad07a965,-76,
20220319 22:03:53,e20a39f4-73f5-4bc4-a12f-17d1ad07a962,-83,
20220319 22:03:55,e20a39f4-73f5-4bc4-a12f-17d1ad07a966,-52,
20220319 22:03:55,e20a39f4-73f5-4bc4-a12f-17d1ad07a964,-66,
20220319 22:03:55,e20a39f4-73f5-4bc4-a12f-17d1ad07a963,-67,
20220319 22:03:55,e20a39f4-73f5-4bc4-a12f-17d1ad07a965,-72,
20220319 22:03:55,e20a39f4-73f5-4bc4-a12f-17d1ad07a967,-73,
20220319 22:03:55,e20a39f4-73f5-4bc4-a12f-17d1ad07a961,-77,
20220319 22:03:55,e20a39f4-73f5-4bc4-a12f-17d1ad07a962,-81,
20220319 22:03:59,e20a39f4-73f5-4bc4-a12f-17d1ad07a966,-52,
20220319 22:03:59,e20a39f4-73f5-4bc4-a12f-17d1ad07a964,-66,
20220319 22:03:59,e20a39f4-73f5-4bc4-a12f-17d1ad07a963,-67,
20220319 22:03:59,e20a39f4-73f5-4bc4-a12f-17d1ad07a967,-69,
20220319 22:03:59,e20a39f4-73f5-4bc4-a12f-17d1ad07a965,-72,
20220319 22:03:59,e20a39f4-73f5-4bc4-a12f-17d1ad07a961,-77,
20220319 22:03:59,e20a39f4-73f5-4bc4-a12f-17d1ad07a962,-81,
20220319 22:04:03,e20a39f4-73f5-4bc4-a12f-17d1ad07a966,-47,
20220319 22:04:03,e20a39f4-73f5-4bc4-a12f-17d1ad07a964,-66,
20220319 22:04:03,e20a39f4-73f5-4bc4-a12f-17d1ad07a967,-69,
20220319 22:04:03,e20a39f4-73f5-4bc4-a12f-17d1ad07a963,-70,
20220319 22:04:03,e20a39f4-73f5-4bc4-a12f-17d1ad07a961,-71,
20220319 22:04:03,e20a39f4-73f5-4bc4-a12f-17d1ad07a965,-75,
20220319 22:04:03,e20a39f4-73f5-4bc4-a12f-17d1ad07a962,-84,
20220319 22:04:08,e20a39f4-73f5-4bc4-a12f-17d1ad07a966,-52,
20220319 22:04:08,e20a39f4-73f5-4bc4-a12f-17d1ad07a964,-66,
20220319 22:04:08,e20a39f4-73f5-4bc4-a12f-17d1ad07a963,-67,
20220319 22:04:08,e20a39f4-73f5-4bc4-a12f-17d1ad07a961,-71,
20220319 22:04:08,e20a39f4-73f5-4bc4-a12f-17d1ad07a965,-73,
20220319 22:04:08,e20a39f4-73f5-4bc4-a12f-17d1ad07a967,-83,
20220319 22:04:08,e20a39f4-73f5-4bc4-a12f-17d1ad07a962,-84,
20220319 22:04:13,e20a39f4-73f5-4bc4-a12f-17d1ad07a966,-52,
20220319 22:04:13,e20a39f4-73f5-4bc4-a12f-17d1ad07a964,-66,
20220319 22:04:13,e20a39f4-73f5-4bc4-a12f-17d1ad07a963,-67,
20220319 22:04:13,e20a39f4-73f5-4bc4-a12f-17d1ad07a967,-71,
20220319 22:04:13,e20a39f4-73f5-4bc4-a12f-17d1ad07a961,-76,
20220319 22:04:13,e20a39f4-73f5-4bc4-a12f-17d1ad07a962,-84,
20220319 22:04:13,e20a39f4-73f5-4bc4-a12f-17d1ad07a965,-87,
20220319 22:04:19,e20a39f4-73f5-4bc4-a12f-17d1ad07a966,-56,
20220319 22:04:19,e20a39f4-73f5-4bc4-a12f-17d1ad07a964,-70,
20220319 22:04:19,e20a39f4-73f5-4bc4-a12f-17d1ad07a967,-71,
20220319 22:04:19,e20a39f4-73f5-4bc4-a12f-17d1ad07a963,-73,
20220319 22:04:19,e20a39f4-73f5-4bc4-a12f-17d1ad07a961,-74,
20220319 22:04:19,e20a39f4-73f5-4bc4-a12f-17d1ad07a965,-75,
20220319 22:04:19,e20a39f4-73f5-4bc4-a12f-17d1ad07a962,-82,
20220319 22:04:24,e20a39f4-73f5-4bc4-a12f-17d1ad07a966,-50,
20220319 22:04:24,e20a39f4-73f5-4bc4-a12f-17d1ad07a967,-68,
20220319 22:04:24,e20a39f4-73f5-4bc4-a12f-17d1ad07a961,-69,
20220319 22:04:24,e20a39f4-73f5-4bc4-a12f-17d1ad07a964,-70,
20220319 22:04:24,e20a39f4-73f5-4bc4-a12f-17d1ad07a962,-71,
20220319 22:04:24,e20a39f4-73f5-4bc4-a12f-17d1ad07a965,-72,
20220319 22:04:24,e20a39f4-73f5-4bc4-a12f-17d1ad07a963,-85,
20220319 22:04:29,e20a39f4-73f5-4bc4-a12f-17d1ad07a966,-51,
20220319 22:04:29,e20a39f4-73f5-4bc4-a12f-17d1ad07a964,-68,
20220319 22:04:29,e20a39f4-73f5-4bc4-a12f-17d1ad07a967,-70,
20220319 22:04:29,e20a39f4-73f5-4bc4-a12f-17d1ad07a963,-75,
20220319 22:04:29,e20a39f4-73f5-4bc4-a12f-17d1ad07a965,-76,
20220319 22:04:29,e20a39f4-73f5-4bc4-a12f-17d1ad07a961,-76,
20220319 22:04:29,e20a39f4-73f5-4bc4-a12f-17d1ad07a962,-77,
20220319 22:04:34,e20a39f4-73f5-4bc4-a12f-17d1ad07a966,-51,
20220319 22:04:34,e20a39f4-73f5-4bc4-a12f-17d1ad07a967,-68,
20220319 22:04:34,e20a39f4-73f5-4bc4-a12f-17d1ad07a964,-68,
20220319 22:04:34,e20a39f4-73f5-4bc4-a12f-17d1ad07a961,-70,
20220319 22:04:34,e20a39f4-73f5-4bc4-a12f-17d1ad07a963,-75,
20220319 22:04:34,e20a39f4-73f5-4bc4-a12f-17d1ad07a962,-77,
20220319 22:04:34,e20a39f4-73f5-4bc4-a12f-17d1ad07a965,-79,
20220319 22:04:39,e20a39f4-73f5-4bc4-a12f-17d1ad07a966,-43,
20220319 22:04:39,e20a39f4-73f5-4bc4-a12f-17d1ad07a964,-67,
20220319 22:04:39,e20a39f4-73f5-4bc4-a12f-17d1ad07a967,-68,
20220319 22:04:39,e20a39f4-73f5-4bc4-a12f-17d1ad07a965,-69,
20220319 22:04:39,e20a39f4-73f5-4bc4-a12f-17d1ad07a963,-75,
20220319 22:04:39,e20a39f4-73f5-4bc4-a12f-17d1ad07a961,-76,
20220319 22:04:39,e20a39f4-73f5-4bc4-a12f-17d1ad07a962,-85,
20220319 22:04:40,e20a39f4-73f5-4bc4-a12f-17d1ad07a966,-43,
20220319 22:04:40,e20a39f4-73f5-4bc4-a12f-17d1ad07a964,-67,
20220319 22:04:40,e20a39f4-73f5-4bc4-a12f-17d1ad07a965,-69,
20220319 22:04:40,e20a39f4-73f5-4bc4-a12f-17d1ad07a967,-70,
20220319 22:04:40,e20a39f4-73f5-4bc4-a12f-17d1ad07a963,-75,
20220319 22:04:40,e20a39f4-73f5-4bc4-a12f-17d1ad07a961,-76,
20220319 22:04:40,e20a39f4-73f5-4bc4-a12f-17d1ad07a962,-85,
20220319 22:04:44,e20a39f4-73f5-4bc4-a12f-17d1ad07a966,-49,
20220319 22:04:44,e20a39f4-73f5-4bc4-a12f-17d1ad07a964,-68,
20220319 22:04:44,e20a39f4-73f5-4bc4-a12f-17d1ad07a965,-69,
20220319 22:04:44,e20a39f4-73f5-4bc4-a12f-17d1ad07a967,-70,
20220319 22:04:44,e20a39f4-73f5-4bc4-a12f-17d1ad07a961,-73,
20220319 22:04:44,e20a39f4-73f5-4bc4-a12f-17d1ad07a963,-75,
20220319 22:04:44,e20a39f4-73f5-4bc4-a12f-17d1ad07a962,-76,
20220319 22:04:45,e20a39f4-73f5-4bc4-a12f-17d1ad07a966,-49,
20220319 22:04:45,e20a39f4-73f5-4bc4-a12f-17d1ad07a964,-68,
20220319 22:04:45,e20a39f4-73f5-4bc4-a12f-17d1ad07a963,-68,
20220319 22:04:45,e20a39f4-73f5-4bc4-a12f-17d1ad07a961,-73,
20220319 22:04:45,e20a39f4-73f5-4bc4-a12f-17d1ad07a962,-76,
20220319 22:04:45,e20a39f4-73f5-4bc4-a12f-17d1ad07a967,-77,
20220319 22:04:45,e20a39f4-73f5-4bc4-a12f-17d1ad07a965,-77,
20220319 22:04:50,e20a39f4-73f5-4bc4-a12f-17d1ad07a966,-49,
20220319 22:04:50,e20a39f4-73f5-4bc4-a12f-17d1ad07a964,-66,
20220319 22:04:50,e20a39f4-73f5-4bc4-a12f-17d1ad07a967,-70,
20220319 22:04:50,e20a39f4-73f5-4bc4-a12f-17d1ad07a965,-71,
20220319 22:04:50,e20a39f4-73f5-4bc4-a12f-17d1ad07a961,-73,
20220319 22:04:50,e20a39f4-73f5-4bc4-a12f-17d1ad07a963,-74,
20220319 22:04:50,e20a39f4-73f5-4bc4-a12f-17d1ad07a962,-85,
20220319 22:04:55,e20a39f4-73f5-4bc4-a12f-17d1ad07a966,-49,
20220319 22:04:55,e20a39f4-73f5-4bc4-a12f-17d1ad07a964,-66,
20220319 22:04:55,e20a39f4-73f5-4bc4-a12f-17d1ad07a967,-69,
20220319 22:04:55,e20a39f4-73f5-4bc4-a12f-17d1ad07a965,-71,
20220319 22:04:55,e20a39f4-73f5-4bc4-a12f-17d1ad07a961,-72,
20220319 22:04:55,e20a39f4-73f5-4bc4-a12f-17d1ad07a963,-74,
20220319 22:04:55,e20a39f4-73f5-4bc4-a12f-17d1ad07a962,-85,
20220319 22:05:00,e20a39f4-73f5-4bc4-a12f-17d1ad07a966,-49,
20220319 22:05:00,e20a39f4-73f5-4bc4-a12f-17d1ad07a961,-70,
20220319 22:05:00,e20a39f4-73f5-4bc4-a12f-17d1ad07a965,-71,
20220319 22:05:00,e20a39f4-73f5-4bc4-a12f-17d1ad07a964,-71,
20220319 22:05:00,e20a39f4-73f5-4bc4-a12f-17d1ad07a962,-71,
20220319 22:05:00,e20a39f4-73f5-4bc4-a12f-17d1ad07a967,-74,
20220319 22:05:00,e20a39f4-73f5-4bc4-a12f-17d1ad07a963,-74,
20220319 22:05:05,e20a39f4-73f5-4bc4-a12f-17d1ad07a966,-44,
20220319 22:05:05,e20a39f4-73f5-4bc4-a12f-17d1ad07a963,-66,
20220319 22:05:05,e20a39f4-73f5-4bc4-a12f-17d1ad07a967,-74,
20220319 22:05:05,e20a39f4-73f5-4bc4-a12f-17d1ad07a964,-75,
20220319 22:05:05,e20a39f4-73f5-4bc4-a12f-17d1ad07a961,-75,
20220319 22:05:05,e20a39f4-73f5-4bc4-a12f-17d1ad07a962,-78,
20220319 22:05:05,e20a39f4-73f5-4bc4-a12f-17d1ad07a965,-80,
20220319 22:05:10,e20a39f4-73f5-4bc4-a12f-17d1ad07a966,-54,
20220319 22:05:10,e20a39f4-73f5-4bc4-a12f-17d1ad07a967,-63,
20220319 22:05:10,e20a39f4-73f5-4bc4-a12f-17d1ad07a961,-68,
20220319 22:05:10,e20a39f4-73f5-4bc4-a12f-17d1ad07a963,-71,
20220319 22:05:10,e20a39f4-73f5-4bc4-a12f-17d1ad07a965,-74,
20220319 22:05:10,e20a39f4-73f5-4bc4-a12f-17d1ad07a962,-75,
20220319 22:05:10,e20a39f4-73f5-4bc4-a12f-17d1ad07a964,-83,
